p <- c(0.001, 0.0001, 0.002, 0.00234, 0.00005323, 0.04, 0.049, 0.009485739487, 0.0429384732987, 0.0234, 0.00123, 0.00000123987987, 0.00987, 0.013094809, 0.0190847, 0.0298, 0.02320948, 0.03948, 0.04102987, 0.049875879)